0,387
0,386
0,385
0,384
28,4
28,3
28,2
28,1
28,0
27,4
27,3
27,2
27,1
27,0
26,3
26,2
26,1
26,0
25,115
0,331
25,114
25,113
25,112
25,111
25,110
25,109
0,330
25,108
25,107
25,106
25,105
25,104
25,103
0,329
25,102
25,101
25,100
25,99
25,98
25,97
0,328
25,96
25,95
25,94
25,93
25,92
25,91
0,327
25,90
25,89
25,88
25,87
25,86
0,326
25,85
25,84
25,83
25,82
25,81
25,80
0,325
25,79
25,78
25,77
25,76
25,75
25,74
0,324
25,73
25,72
25,71
25,70
25,69
25,68
0,323
25,67
25,66
25,65
25,64
25,35
25,34
0,322
25,33
25,32
25,31
25,30
25,29
25,28
0,321
25,27
25,26
25,25
25,24
25,23
25,22
0,320
25,21
25,20
25,19
25,18
25,17
0,319
25,16
25,15
25,14
25,13
25,12
25,11
0,318
25,10
25,9
25,8
25,7
25,6
25,5
25,4
25,3
25,2
25,1
25,0
0,317
0,316
0,283
24,4
24,3
24,2
0,9
24,1
24,0
23,49
23,48
23,47
23,46
23,45
23,44
23,43
23,42
23,41
23,40
23,39
23,38
23,37
23,36
23,35
3,2
